1264498
1265423
1271913
1281344
1284965
1293894
1297698
1309053
1322938
1335285
1348171
1355358
1364760
1371791
1379697
1383826
1387271
1389691
1390070
1388858
1385389
1380022
1373167
1364435
1354621
1346457
1334461
1321414
1311750
1299080
1291756
1286133
1279596
1272511
1265037
1262560
1267476
1270217
1276588
1281233
1291324
1295563
1300260
1312315
1325947
1336992
1346903
1354498
1362786
1373266
1377758
1383244
1388749
1387938
1389522
1388082
1384512
1379713
1372434
1362113
1354767
1345781
1334447
1324048
1312233
1302870
1295001
1287929
1281420
1275829
1272024
1265224
1271250
1274559
1279891
1286831
1293402
1299165
1306632
1317696
1328297
1339284
1349087
1358914
1366038
1376283
1382370
1389852
1393317
1396153
1394985
1391262
1386666
1382487
1375706
1369577
1357840
1350505
1340322
1327051
1317776
1306971
1298321
1293812
1285508
1279184
1274429
1271773
1279193
1283548
1285784
1292850
1299746
1304065
1313876
1320091
1330961
1344297
1353828
1364301
1372905
1379018
1390607
1393453
1396219
1400618
1398887
1396941
1392402
1385916
1382914
1370450
1365052
1355723
1344261
1335628
1323453
1312634
1306125
1300517
1295313
1285236
1282222
1279603
1286936
1286847
1292917
1299635
1308395
1314908
1321512
1326948
1339386
1349664
1359136
1369217
1378442
1386280
1394967
1397045
1403203
1405866
1404618
1402543
1398688
1392883
1386576
1375951
1367941
1360644
1349084
1341224
1328038
1321830
1315220
1305159
1302272
1294215
1290783
1286130
1292873
1295375
1299722
1306774
1313627
1320983
1326496
1335240
1343271
1354680
1364409
1374666
1382553
1390205
1397144
1402880
1406826
1409728
1411001
1407187
1403525
1394718
1391379
1382439
1373283
1364612
1354369
1345375
1335863
1327094
1318829
1313823
1305405
1299699
1293442
1291476
1299148
1302307
1307063
1313833
1319041
1325911
1329497
1341013
1351965
1359333
1368747
1378006
1386127
1393265
1400464
1406866
1413170
1412608
1414688
1410247
1406705
1400047
1393372
1386725
1376692
1371078
1360301
1352282
1343391
1331140
1324227
1319544
1312530
1308288
1302488
1297503
1309247
1312215
1315366
1321864
1327677
1335694
1339970
1348659
1358960
1369953
1377928
1386577
1393693
1400513
1406086
1416055
1418355
1420031
1422395
1419744
1414897
1410496
1399295
1394722
1387069
1377970
1367757
1360187
1348883
1341196
1337312
1330186
1323935
1317034
1312153
1310472
1321398
1323622
1326768
1332264
1338398
1344365
1350914
1359688
1367786
1380246
1387660
1393398
1402430
1410764
1416292
1423491
1427880
1433155
1430062
1428067
1426179
1418704
1411392
1401555
1395342
1388643
1378596
1367976
1359943
1351654
1344701
1341587
1333297
1328503
1323749
1321198
1334111
1335420
1338405
1342688
1348565
1354197
1361417
1367806
1379213
1388275
1396428
1403715
1411943
1421440
1426864
1435853
1439893
1438326
1440654
1438470
1435115
1426785
1422961
1416571
1403967
1399845
1388933
1378879
1370244
1359365
1357272
1349816
1342958
1341180
1335996
1334006
1348338
1345645
1350087
1355708
1360177
1364952
1370597
1377751
1388235
1398324
1406172
1418167
1421015
1432663
1438227
1445299
1453435
1449973
1453233
1449566
1446610
1439571
1430124
1426629
1416958
1408339
1397599
1390460
1379447
1370438
1363369
1361081
1354219
1351961
1347871
1345546
1354953
1355842
1360405
1366367
1367433
1371321
1376999
1387599
1396716
1405881
1416672
1423236
1433900
1441207
1450240
1456173
1463397
1465070
1465014
1462211
1457989
1446573
1440423
1432225
1423495
1414917
1406028
1397152
1388129
1378893
1373347
1369699
1363766
1358016
1357172
1355911
1362303
1363951
1366238
1374084
1379496
1381532
1384822
1392152
1404267
1411865
1422996
1430098
1441884
1452612
1459783
1465119
1472071
1476444
1474968
1471379
1466669
1459244
1448303
1443588
1432745
1424320
1412019
1404407
1393597
1384395
1383054
1377904
1372820
1370148
1363374
1363401
1373495
1372610
1375527
1380497
1386408
1389521
1392216
1398065
1408829
1422018
1430284
1439450
1452028
1459845
1468706
1477739
1479032
1484766
1486262
1480634
1475130
1468580
1460707
1451525
1441727
1432731
1420027
1411094
1400678
1394078
1388755
1387090
1380379
1374324
1371154
1371784
1378907
1381162
1381344
1388381
1392300
1397998
1400466
1408532
1417268
1426183
1439606
1448057
1459264
1465822
1476811
1481665
1486957
1490973
1491365
1487539
1481952
1475223
1467157
1458924
1449083
1437722
1425881
1416092
1408053
1399426
1397295
1394077
1389461
1381701
1380157
1377447
1383413
1383075
1385712
1395062
1396968
1402213
1408308
1413954
1422497
1434603
1446289
1457800
1466285
1473863
1484867
1489940
1496875
1497188
1500189
1496059
1490514
1484462
1476481
1468362
1456605
1446331
1434546
1424363
1414495
1406181
1404442
1398158
1392353
1387524
1383080
1384452
1387329
1388363
1393726
1395891
1400438
1407268
1411116
1416718
1427475
1440298
1450063
1462553
1471425
1482026
1489720
1497423
1498217
1499091
1501558
1498288
1496756
1488331
1484192
1471344
1463515
1449992
1436597
1430357
1419648
1409413
1405532
1403580
1397590
1392477
1389641
1385196
1392781
1390993
1391474
1397775
1403722
1406960
1413910
1420102
1432324
1443666
1455559
1465397
1475381
1483073
1489609
1496331
1502874
1505317
1505086
1503504
1496169
1491454
1484381
1474307
1465626
1452949
1440885
1430365
1421701
1413080
1408443
1406741
1396623
1395498
1390967
1390301
1391130
1391285
1394037
1399272
1403924
1406966
1413458
1420040
1431725
1440475
1452896
1463065
1476742
1484104
1490118
1498298
1502773
1502617
1502194
1501177
1498757
1489599
1484220
1475085
1463066
1454342
1441029
1430389
1422300
1411639
1409011
1403832
1397724
1393911
1389599
1390980
1389184
1389875
1390872
1396043
1399762
1406201
1411244
1418985
1430218
1438185
1452283
1463674
1473023
1482642
1486629
1495893
1501157
1504092
1503365
1499845
1495575
1489965
1482077
1468966
1463884
1449926
1437008
1428392
1417241
1410524
1405242
1402366
1396136
1391604
1388394
1388043
1382128
1384856
1388071
1395637
1398234
1402051
1405857
1414421
1422213
1434650
1447435
1454097
1468645
1475461
1483105
1491224
1494308
1496506
1497951
1494550
1489392
1482532
1475375
1467179
1456815
1446276
1434007
1424569
1412568
1406975
1402214
1398698
1392078
1389165
1385379
1385740
1377510
1379698
1382201
1387975
1391071
1398628
1401108
1407467
1416513
1429294
1437682
1450413
1458127
1467966
1477204
1482707
1489175
1490816
1490703
1489517
1483915
1475345
1466833
1458514
1450562
1439095
1429150
1416970
1406672
1399796
1396614
1394417
1388575
1382513
1377265
1379486
1371631
1371802
1376251
1383827
1385029
1391921
1393260
1399635
1410836
1420199
1431981
1441150
1450721
1457997
1464702
1473663
1479861
1484093
1486296
1480924
1474244
1467673
1460073
1451331
1439641
1430626
1420178
1409598
1399552
1394588
1388580
1387753
1383185
1376823
1372836
1369917
1362548
1364536
1366884
1372535
1377927
1381938
1384088
1392830
1402974
1412995
1424691
1431916
1441447
1451018
1457449
1463907
1471919
1474059
1476293
1472873
1466245
1460491
1452537
1441568
1434128
1423980
1413102
1402116
1393381
1385523
1381053
1378320
1372820
1368885
1363574
1362322
1354817
1356490
1359247
1365148
1369932
1373795
1378084
1388513
1395141
1403616
1415839
1425145
1434561
1443333
1445913
1458831
1460929
1468286
1467253
1462435
1457975
1450112
1441044
1431936
1425359
1414899
1404358
1395522
1385245
1375369
1373529
1370265
1365032
1357445
1353836
1355014
1344856
1347363
1350587
1356772
1359321
1363455
1370768
1380356
1388096
1397639
1405332
1414565
1424064
1431976
1441385
1446424
1451926
1453964
1453699
1449395
1449186
1439702
1431967
1423327
1413298
1405948
1397560
1389148
1378595
1370671
1366860
1361015
1354968
1351329
1344977
1344876
1332292
1334711
1336445
1344106
1350293
1354768
1361320
1370157
1379680
1388343
1398746
1407607
1412683
1420317
1426694
1434712
1439835
1440723
1442714
1440594
1435495
1427820
1420341
1412582
1407385
1398482
1390715
1377525
1368651
1362039
1355026
1346637
1345287
1337103
1334935
1335088
1321816
1324004
1325208
1333825
1341787
1344304
1350163
1360352
1368788
1377761
1388224
1394848
1402657
1409621
1417401
1424663
1429346
1430283
1430157
1429657
1422948
1419273
1410020
1402644
1396912
1387723
1380448
1366396
1360557
1350853
1344369
1339643
1331457
1326973
1322785
1324086
1309862
1312552
1316189
1321862
1329703
1335284
1341119
1350567
1357329
1370477
1375640
1385756
1393204
1401016
1408057
1414215
1418659
1421273
1421921
1420264
1414291
1407511
1401907
1392987
1387622
1380540
1369482
1358901
1346938
1342624
1334027
1329893
1322008
1317057
1311991
1310398
1298142
1301674
1305522
1312421
1319590
1324711
1333349
1344381
1351284
1361094
1370995
1376735
1386855
1391487
1400927
1406940
1410315
1413593
1413453
1411296
1404502
1399297
1392781
1386487
1378533
1369402
1359850
1351356
1340960
1330977
1326532
1319811
1313802
1307284
1298497
1298969
1291695
1293782
1302318
1307822
1312761
1319209
1326856
1337468
1345788
1356044
1366264
1372305
1380777
1387446
1398373
1403829
1405851
1407233
1408838
1405259
1403594
1395905
1390597
1381472
1374262
1363523
1355583
1347174
1334252
1324743
1319837
1312813
1306873
1299831
1294408
1293114
1288115
1287447
1294294
1300214
1305937
1312866
1319322
1330433
1338774
1351975
1359101
1370280
1378031
1384791
1392411
1397590
1400756
1402387
1405135
1402980
1398884
1391599
1386840
1378918
1368658
1358739
1349696
1339566
1329245
1321523
1311980
1308099
1299547
1293179
1288600
1284591
1280375
1282552
1285146
1293639
1301562
1308801
1314177
1321939
1331842
1344495
1353448
1364132
1371547
1382394
1386190
1390533
1396770
1399396
1400372
1395705
1394490
1387030
1381664
1373882
1365745
1352791
1342799
1331445
1321055
1314518
1306808
1299780
1293545
1286788
1281281
1279593
1272173
1276047
1279141
1287921
1291707
1299858
1305948
1316560
1328274
1339052
1350208
1360901
1366068
1375904
1382731
1387404
1390874
1393380
1393112
1391803
1388690
1383498
1376372
1370591
1359347
1351376
1338670
1327867
1316252
1306289
1301313
1293439
1287151
1277643
1274213
1271561
1264976
1269950
1273526
1281328
1289314
1295094
1301902
1311865
1323881
1335933
1346648
1358225
1362321
1369119
1377803
1382304
1389877
1391644
1390715
1387988
1383440
1379221
1372652
1363689
1355821
1346483
1334551
1323075
1311793
1299992
1295414
1287163
1281817
1278255
1270448
1266682
1261405
1265959
1272416
1280014
1284915
1291116
1299644
1309024
1320442
1334145
1346348
1352978
1363133
1371215
1379294
1383857
1386338
1389269
1389701
1386289
1384812
1378776
1371303
1363283
1353229
1345295
1334521
1321921
1311453
1299559
1292423
1287257
1280036
1271100
1265824
1262073
