6179636 4027643 883666 1268327 
6174624 4023546 881906 1269172 
6173949 4019833 878283 1275833 
6178762 4019529 873900 1285333 
6175680 4016440 869958 1289282 
6175795 4009103 868348 1298344 
6174877 4008283 864094 1302500 
6178958 4004739 860034 1314185 
6178307 3994956 854921 1328430 
6173888 3981566 851326 1340996 
6179311 3975963 849332 1354016 
6175485 3970119 843770 1361596 
6180187 3965664 843128 1371395 
6179877 3962530 838707 1378640 
6178797 3956518 835587 1386692 
6176787 3952566 833200 1391021 
6177584 3950463 832478 1394643 
6175097 3946816 831170 1397111 
6172385 3943588 831319 1397478 
6178325 3948246 833814 1396265 
6178140 3952928 832562 1392650 
6176898 3953863 836074 1386961 
6179545 3961892 837729 1379924 
6181542 3968442 842062 1371038 
6175099 3970256 844147 1360696 
6180924 3979732 848741 1352451 
6175011 3983692 851113 1340206 
6177224 3993275 857193 1326756 
6175103 3998269 860124 1316710 
6175124 4005441 865942 1303741 
6177092 4014874 866014 1296204 
6177445 4016796 870200 1290449 
6180595 4021885 875009 1283701 
6178423 4025042 876998 1276383 
6176995 4026230 881798 1268967 
6174395 4022736 885364 1266295 
6175792 4022789 881602 1271401 
6175224 4023800 877176 1274248 
6181083 4026954 873609 1280520 
6176728 4021097 870176 1285455 
6178379 4012840 869806 1295733 
6179371 4015704 863559 1300108 
6175956 4009625 861343 1304988 
6175562 4000318 857850 1317394 
6186967 4001276 854345 1331346 
6177100 3986830 847493 1342777 
6179571 3981767 844931 1352873 
6176114 3972676 842670 1360768 
6174687 3966357 839086 1369244 
6177442 3962620 834755 1380067 
6176848 3958460 833569 1384819 
6177216 3957219 829669 1390328 
6176056 3950369 829610 1396077 
6172240 3948890 827977 1395373 
6178010 3951936 829163 1396911 
6172161 3947037 829555 1395569 
6179826 3956329 831788 1391709 
6178911 3957239 834873 1386799 
6176221 3962299 834737 1379185 
6172833 3965860 838527 1368446 
6175660 3971489 843095 1361076 
6175953 3978416 845797 1351740 
6175364 3985305 849888 1340171 
6172522 3990619 852581 1329322 
6178172 4003208 857567 1317397 
6181069 4010783 862624 1307662 
6180107 4015213 865340 1299554 
6178893 4017832 868841 1292220 
6178578 4021655 871212 1285711 
6180360 4026638 873844 1279878 
6179978 4026705 877412 1275861 
6178618 4027713 881897 1269008 
6174827 4022259 877349 1275219 
6177059 4023256 875398 1278405 
6174518 4018385 872122 1284011 
6176827 4019037 866742 1291048 
6175476 4013189 864442 1297845 
6175650 4010828 860831 1303991 
6176335 4005793 858974 1311568 
6175340 3997680 854831 1322829 
6179384 3995167 850523 1333694 
6174813 3983525 846162 1345126 
6176022 3978176 842691 1355155 
6174992 3970752 838945 1365295 
6177584 3968136 836896 1372552 
6180193 3963819 833294 1383080 
6178633 3958656 830619 1389358 
6178975 3953432 828339 1397204 
6181004 3953567 826739 1400698 
6177521 3948545 825441 1403535 
6179714 3951585 825557 1402572 
6178854 3951517 828584 1398753 
6176817 3953553 829388 1393876 
6177608 3956747 831284 1389577 
6173396 3959121 831610 1382665 
6179147 3967059 835848 1376240 
6173172 3971146 837898 1364128 
6177813 3978444 842785 1356584 
6181032 3988270 846652 1346110 
6178809 3995359 850990 1332460 
6174912 3997570 854389 1322953 
6178001 4008361 857716 1311924 
6174154 4009808 861407 1302939 
6175794 4013015 864514 1298265 
6174635 4017354 867446 1289835 
6174503 4020473 870667 1283363 
6172850 4020118 874195 1278537 
6174633 4021627 877326 1275680 
6173748 4017724 872690 1283334 
6174641 4016766 870056 1287819 
6172629 4015173 867227 1290229 
6178293 4015864 865073 1297356 
6172438 4009006 859107 1304325 
6172444 4006438 856924 1309082 
6178673 4003446 856217 1319010 
6168605 3992802 850425 1325378 
6175291 3991449 847320 1336522 
6174839 3982647 841906 1350286 
6173222 3973985 839144 1360093 
6177032 3970500 835718 1370814 
6174431 3963113 831619 1379699 
6173963 3959259 828599 1386105 
6177716 3952886 826965 1397865 
6178257 3953607 823727 1400923 
6176100 3948205 824199 1403696 
6180555 3948175 824202 1408178 
6176388 3946062 823908 1406418 
6177508 3949557 823364 1404587 
6176312 3950251 826501 1399560 
6174198 3954685 826473 1393040 
6178149 3959740 828520 1389889 
6173907 3965068 831584 1377255 
6176100 3968716 835908 1371476 
6173780 3972689 839171 1361920 
6178188 3984877 843090 1350221 
6179292 3990725 847223 1341344 
6174268 3995927 849474 1328867 
6176395 4004663 854008 1317724 
6171497 4002868 857620 1311009 
6176239 4009554 861299 1305386 
6179389 4016349 863225 1299815 
6170168 4015135 865456 1289577 
6177367 4020406 870470 1286491 
6176181 4018488 873988 1283705 
6174672 4015754 867650 1291268 
6176246 4018123 866961 1291162 
6177334 4016997 862885 1297452 
6174085 4009259 860494 1304332 
6179283 4009624 856362 1313297 
6178361 4005155 853126 1320080 
6179378 4001786 850814 1326778 
6175975 3996141 847219 1332615 
6172631 3984851 842507 1345273 
6176008 3981093 839090 1355825 
6173877 3974028 834249 1365600 
6173459 3965389 832258 1375812 
6174523 3960781 828499 1385243 
6178351 3960956 824014 1393381 
6178396 3953647 822374 1402375 
6173850 3948239 821089 1404522 
6177348 3946551 819971 1410826 
6174742 3942712 818518 1413512 
6179802 3947228 820257 1412317 
6177047 3947015 819872 1410160 
6176177 3949028 820934 1406215 
6172465 3947879 824436 1400150 
6173150 3955100 824370 1393680 
6172110 3960947 828311 1382852 
6175676 3966964 834026 1374686 
6174302 3970620 836605 1367077 
6174717 3979281 840203 1355233 
6178849 3987901 843881 1347067 
6172543 3991774 847302 1333467 
6179614 4002153 850324 1327137 
6181807 4006991 854384 1320432 
6174216 4007577 856667 1309972 
6180042 4011524 861516 1307002 
6174962 4012655 863589 1298718 
6175901 4012770 868037 1295094 
6180446 4017531 872425 1290490 
6179932 4015302 867327 1297303 
6178084 4014078 864062 1299944 
6171877 4007114 860328 1304435 
6176551 4007077 857783 1311691 
6174381 4001615 853938 1318828 
6179681 3999675 853587 1326419 
6180719 4000811 847732 1332176 
6177231 3992399 843896 1340936 
6173360 3982479 841685 1349196 
6179315 3981496 836845 1360974 
6173207 3970279 831820 1371108 
6177833 3964928 831435 1381470 
6173794 3959584 824626 1389584 
6177086 3957572 822199 1397315 
6177030 3950803 821615 1404612 
6177595 3949373 817784 1410438 
6177873 3946475 816807 1414591 
6178680 3943821 817393 1417466 
6178498 3942939 816910 1418649 
6173407 3940566 817891 1414950 
6179906 3949959 818814 1411133 
6173355 3951644 819617 1402094 
6182568 3959355 824644 1398569 
6181908 3964563 827864 1389481 
6175759 3966014 829853 1379892 
6175922 3971168 833629 1371125 
6174286 3977092 836564 1360630 
6178609 3984932 842368 1351309 
6176689 3990762 844191 1341736 
6177450 3997084 847707 1332659 
6173946 3997980 851699 1324267 
6175896 4002208 854703 1318985 
6175933 4007316 858370 1310247 
6177265 4012418 860552 1304295 
6174420 4011640 864764 1298016 
6175530 4010905 868787 1295838 
6177673 4009159 864732 1303782 
6176227 4008476 860669 1307082 
6178041 4007295 858692 1312054 
6172471 4001078 852567 1318826 
6174844 4000945 849515 1324384 
6180602 4000651 848520 1331431 
6168239 3989056 843972 1335211 
6178267 3990505 840661 1347101 
6178001 3980223 839743 1358035 
6176419 3974931 835595 1365893 
6174958 3968804 830637 1375517 
6175010 3962119 828004 1384887 
6179129 3961978 823830 1393321 
6174858 3953046 821232 1400580 
6177243 3951435 817792 1408016 
6175199 3944582 816011 1414606 
6179636 3945170 813556 1420910 
6175272 3940571 814450 1420251 
6179823 3943249 814007 1422567 
6176483 3943548 814720 1418215 
6179868 3948612 816928 1414328 
6176311 3950423 818163 1407725 
6179379 3957425 821208 1400746 
6173550 3956741 823066 1393743 
6171073 3962888 824613 1383572 
6178533 3968714 831992 1377827 
6174193 3975262 832170 1366761 
6175488 3979917 837087 1358484 
6180024 3987593 843176 1349255 
6173064 3991055 845190 1336819 
6174943 3996399 848632 1329912 
6173784 3997184 851613 1324987 
6176996 4004616 854633 1317747 
6180363 4008933 858104 1313326 
6174727 4005914 861562 1307251 
6174776 4008202 864333 1302241 
6180126 4003736 862238 1314152 
6177186 4002858 857122 1317206 
6176113 4001392 854172 1320549 
6176391 4000143 849079 1327169 
6176156 3995344 847630 1333182 
6177137 3991382 844326 1341429 
6175979 3987566 842313 1346100 
6175187 3983164 837073 1354950 
6175632 3976052 834203 1365377 
6177065 3970229 830127 1376709 
6176557 3964869 826752 1384936 
6178034 3960417 824084 1393533 
6176958 3954858 820960 1401140 
6179237 3952092 818993 1408152 
6173671 3943463 816385 1413823 
6178172 3941332 812885 1423955 
6174294 3936398 811458 1426438 
6177091 3936906 812118 1428067 
6175559 3935674 809610 1430275 
6180549 3940942 811788 1427819 
6174410 3939193 812540 1422677 
6185800 3952041 815454 1418305 
6174455 3948750 818850 1406855 
6179156 3957425 819687 1402044 
6176668 3959222 823270 1394176 
6176494 3964168 827427 1384899 
6176132 3970091 831718 1374323 
6174055 3972473 834972 1366610 
6175715 3983106 837626 1354983 
6177705 3989142 841474 1347089 
6181323 3993566 844541 1343216 
6173822 3990652 847411 1335759 
6177974 3997648 850903 1329423 
6181939 4003715 855929 1322295 
6179607 4005707 856719 1317181 
6176009 4000202 860347 1315460 
6174827 3992625 855475 1326727 
6169626 3988117 852475 1329034 
6174707 3991852 850654 1332201 
6173048 3987992 847237 1337819 
6173102 3985862 843039 1344201 
6174266 3984140 839830 1350296 
6175976 3981119 837759 1357098 
6179844 3978328 835416 1366100 
6171068 3967033 829567 1374468 
6181950 3966239 828566 1387145 
6177128 3959308 822986 1394834 
6171281 3950050 820507 1400724 
6178058 3951696 816465 1409897 
6174749 3942889 813285 1418575 
6173358 3937080 812093 1424185 
6178113 3937454 809058 1431601 
6172061 3928870 807039 1436152 
6176969 3930161 805336 1441472 
6170677 3926855 805515 1438307 
6177374 3932706 808347 1436321 
6177865 3935016 808428 1434421 
6178075 3938861 812689 1426525 
6174978 3943408 812583 1418987 
6171428 3945966 816378 1409084 
6172220 3949833 819681 1402706 
6180702 3961734 823267 1395701 
6173558 3961440 826636 1385482 
6176499 3971071 830827 1374601 
6178245 3977996 833780 1366469 
6178629 3982403 838289 1357937 
6176667 3984878 841077 1350712 
6176927 3987974 841547 1347406 
6175777 3990907 845943 1338927 
6178516 3994694 849776 1334046 
6177074 3993273 854563 1329238 
6174526 3992456 855565 1326505 
6173020 3981298 852002 1339720 
6177392 3986124 850090 1341178 
6177147 3986647 846230 1344270 
6173769 3983586 841526 1348657 
6174856 3978837 841371 1354648 
6176040 3979084 836527 1360429 
6177055 3975326 833904 1367825 
6175677 3971217 830120 1374340 
6180918 3966628 827968 1386322 
6180301 3961217 823775 1395309 
6178434 3954120 820428 1403886 
6173719 3946077 816450 1411192 
6171835 3939194 813050 1419591 
6178753 3939806 809508 1429439 
6175622 3931491 809111 1435020 
6179241 3928759 806337 1444145 
6176882 3925117 803494 1448271 
6173026 3922185 804139 1446702 
6178093 3925704 803216 1449173 
6177968 3927697 803369 1446902 
6178261 3928569 806283 1443409 
6177423 3933397 808985 1435041 
6173626 3933859 808858 1430909 
6179761 3939938 815377 1424446 
6176474 3948444 816502 1411528 
6178684 3951636 819862 1407186 
6178322 3959261 822963 1396098 
6173681 3961826 825962 1385893 
6175813 3967862 831164 1376787 
6172720 3973615 833253 1365852 
6175711 3976526 835774 1363411 
6175446 3979857 839683 1355906 
6180404 3986276 845252 1348876 
6180050 3985883 847226 1346941 
6175479 3982607 851088 1341784 
6174258 3982917 851597 1339744 
6181865 3977191 850330 1354344 
6175132 3978614 844859 1351659 
6173484 3976720 840708 1356056 
6175978 3976063 837921 1361994 
6179978 3976646 836820 1366512 
6177625 3973126 832899 1371600 
6177589 3969032 831409 1377148 
6174056 3962439 826867 1384750 
6179269 3960379 823606 1395284 
6178439 3952886 819987 1405566 
6173737 3943759 816322 1413656 
6179162 3939152 814288 1425722 
6167523 3929196 809372 1428955 
6182536 3933290 808153 1441093 
6170511 3920288 803499 1446724 
6177792 3923265 800783 1453744 
6178958 3916179 800701 1462078 
6172812 3914815 799312 1458685 
6176714 3915967 798844 1461903 
6174597 3915674 800675 1458248 
6177143 3921498 800449 1455196 
6177882 3925737 804270 1447875 
6177004 3931108 807563 1438333 
6182246 3937720 809899 1434627 
6180886 3941768 814326 1424792 
6178562 3947825 814903 1415834 
6181832 3956888 820077 1404867 
6178906 3958925 822439 1397542 
6178388 3965783 826295 1386310 
6179429 3970193 832110 1377126 
6171873 3970175 831861 1369837 
6179480 3974175 837754 1367551 
6175562 3976290 838798 1360474 
6175821 3974836 842882 1358103 
6185157 3984636 846609 1353912 
6177394 3978456 847464 1351474 
6176259 3969903 845135 1361221 
6180058 3974076 843850 1362132 
6181368 3973905 840729 1366734 
6174647 3968584 833159 1372904 
6170571 3966382 830124 1374065 
6173602 3965666 829889 1378047 
6171018 3961147 826149 1383722 
6179077 3959768 824638 1394671 
6177427 3953035 820545 1403847 
6175171 3944718 817059 1413394 
6174005 3938398 811236 1424371 
6177309 3938521 807793 1430995 
6175296 3928545 804788 1441963 
6181006 3927317 804300 1449389 
6177472 3918851 799750 1458871 
6172123 3909437 797803 1464883 
6174668 3907872 794487 1472309 
6174142 3907224 792982 1473936 
6175580 3907545 794269 1473766 
6177133 3908110 797884 1471139 
6179356 3915828 796669 1466859 
6173424 3920745 797567 1455112 
6175696 3925631 801196 1448869 
6175602 3929923 805319 1440360 
6175402 3934603 809405 1431394 
6173629 3937935 813217 1422477 
6175679 3943919 818278 1413482 
6175986 3951074 820332 1404580 
6179207 3959875 824314 1395018 
6180898 3967782 827324 1385792 
6175483 3964406 830895 1380182 
6177631 3970265 831104 1376262 
6175250 3970602 834454 1370194 
6170590 3968461 837875 1364254 
6181920 3974023 844584 1363313 
6177752 3971078 844524 1362150 
6174511 3963104 842680 1368727 
6175728 3966444 838833 1370451 
6176085 3966493 836805 1372787 
6178124 3965665 831561 1380898 
6178755 3964160 828274 1386321 
6175720 3960483 826732 1388505 
6175861 3960604 823280 1391977 
6178599 3957175 821965 1399459 
6179664 3950911 817107 1411646 
6172005 3939121 813181 1419703 
6178962 3938927 809141 1430894 
6176569 3931521 806721 1438327 
6174711 3922951 801522 1450238 
6178819 3918334 799221 1461264 
6175423 3911850 794715 1468858 
6171642 3906226 791287 1474129 
6179595 3905279 793120 1481196 
6178902 3901455 791937 1485510 
6178317 3902806 791414 1484097 
6174973 3901889 792540 1480544 
6181123 3911499 793911 1475713 
6177206 3914097 794899 1468210 
6174334 3918198 799235 1456901 
6175276 3920092 803154 1452030 
6172008 3925332 805906 1440770 
6177953 3935593 810136 1432224 
6176742 3943610 813261 1419871 
6176333 3945947 818338 1412048 
6175877 3953347 821561 1400969 
6176157 3959682 825014 1391461 
6178806 3961993 826653 1390160 
6178133 3962353 830975 1384805 
6174622 3963862 831220 1379540 
6183281 3970095 836429 1376757 
6178485 3969345 839281 1369859 
6176741 3965588 841332 1369821 
6178861 3960093 838315 1380453 
6176349 3961021 835937 1379391 
6174485 3960317 831698 1382470 
6177063 3960304 829239 1387520 
6175152 3955019 826568 1393565 
6176751 3956869 822967 1396915 
6173884 3951489 822656 1399739 
6175091 3951845 817634 1405612 
6176012 3942050 817529 1416433 
6176400 3935614 810732 1430054 
6173476 3928511 806491 1438474 
6175841 3924454 803617 1447770 
6178368 3918919 798740 1460709 
6180580 3916068 795572 1468940 
6180633 3909236 793550 1477847 
6177975 3900078 790533 1487364 
6171520 3895515 787554 1488451 
6177475 3895167 787958 1494350 
6178226 3894402 788060 1495764 
6173079 3894129 788753 1490197 
6178881 3903310 791004 1484567 
6180593 3909543 793125 1477925 
6176739 3912114 794968 1469657 
6174019 3915530 798233 1460256 
6178327 3923077 805113 1450137 
6177284 3929681 806587 1441016 
6171955 3933819 810099 1428037 
6173380 3942136 812413 1418831 
6173980 3949272 816411 1408297 
6176836 3953590 821763 1401483 
6172346 3953910 822525 1395911 
6175586 3954327 827020 1394239 
6175646 3959549 828677 1387420 
6176715 3962290 833376 1381049 
6178764 3965902 834839 1378023 
6179045 3962849 837574 1378622 
6176646 3955627 835184 1385835 
6177839 3957415 832210 1388214 
6175918 3957027 830560 1388331 
6179495 3956908 827071 1395516 
6177466 3954393 823362 1399711 
6178476 3953230 819812 1405434 
6177189 3949057 820037 1408095 
6174958 3943956 814769 1416233 
6176226 3937716 813310 1425200 
6176962 3934285 808292 1434385 
6176767 3924450 804328 1447989 
6177194 3920844 799616 1456734 
6174765 3910557 795889 1468319 
6180334 3911805 793301 1475228 
6178343 3901530 790093 1486720 
6170434 3892177 786789 1491468 
6174841 3891932 786058 1496851 
6176765 3890371 785683 1500711 
6181125 3895117 785000 1501008 
6179304 3894238 787737 1497329 
6172930 3894387 786779 1491764 
6173212 3900336 787943 1484933 
6176540 3907934 792134 1476472 
6178440 3913324 797351 1467765 
6178075 3919795 800458 1457822 
6173054 3923913 803044 1446097 
6173991 3930855 808991 1434145 
6173436 3938621 810792 1424023 
6180950 3949489 815725 1415736 
6175386 3950460 817931 1406995 
6179220 3954002 820538 1404680 
6177998 3952496 824064 1401438 
6181434 3958888 825933 1396613 
6176803 3957319 830586 1388898 
6179463 3957945 834334 1387184 
6174246 3953374 836327 1384545 
6177022 3952763 833750 1390509 
6171987 3951237 830481 1390269 
6171895 3951283 827662 1392950 
6178482 3950490 825546 1402446 
6176546 3950761 821375 1404410 
6175717 3947521 818343 1409853 
6177558 3944969 816508 1416081 
6173442 3939621 812058 1421763 
6176283 3935762 809957 1430564 
6173798 3926108 804783 1442907 
6174072 3919411 799805 1454856 
6174936 3913008 795482 1466446 
6179704 3909067 795401 1475236 
6173180 3898770 790957 1483453 
6181753 3896655 790470 1494628 
6170712 3888690 782296 1499726 
6177133 3886129 783940 1507064 
6175796 3886415 782389 1506992 
6182683 3890290 782306 1510087 
6177686 3888055 783549 1506082 
6179775 3894515 784949 1500311 
6178587 3897531 786914 1494142 
6174939 3897866 791205 1485868 
6174441 3903271 793825 1477345 
6174627 3913416 795961 1465250 
6176470 3919883 801637 1454950 
6175065 3928034 804238 1442793 
6177457 3934053 810892 1432512 
6180145 3944873 812925 1422347 
6171908 3942811 815331 1413766 
6184141 3951176 820932 1412033 
6177760 3951878 820327 1405555 
6179771 3955251 824772 1399748 
6175552 3953591 827256 1394705 
6174828 3954202 830563 1390063 
6178678 3953064 834017 1391597 
6176599 3949161 832868 1394570 
6175997 3951197 829024 1395776 
6177339 3949431 826790 1401118 
6179561 3951714 824535 1403312 
6176779 3949229 819414 1408136 
6176175 3944326 816964 1414885 
6174085 3939345 815737 1419003 
6171034 3934789 811414 1424831 
6172667 3928891 808090 1435686 
6181000 3926914 805239 1448847 
6176919 3917175 801126 1458618 
6177643 3909864 796381 1471398 
6175539 3903068 791867 1480604 
6182690 3902235 788837 1491618 
6182069 3896270 786276 1499523 
6178954 3887377 784028 1507549 
6175184 3885995 780887 1508302 
6174338 3882638 782582 1509118 
6176996 3884844 780465 1511687 
6172433 3882918 781088 1508427 
6180032 3886650 786668 1506714 
6176559 3893215 785190 1498154 
6181288 3899145 788524 1493619 
6178128 3903702 793789 1480637 
6179913 3911145 796474 1472294 
6177462 3918370 800466 1458626 
6170096 3920446 804268 1445382 
6180871 3933529 808720 1438622 
6178378 3938525 812034 1427819 
6174564 3943566 813733 1417265 
6176697 3947826 815462 1413409 
6174540 3943594 819685 1411261 
6177591 3948883 823574 1405134 
6179401 3953298 826271 1399832 
6179097 3953018 829208 1396871 
6174244 3948444 833368 1392432 
6176678 3945243 831178 1400257 
6180113 3951653 830064 1398396 
6175826 3950679 826386 1398761 
6179330 3950839 823087 1405404 
6179493 3947338 820734 1411421 
6174641 3942328 817662 1414651 
6177561 3940370 815548 1421643 
6172808 3935488 809148 1428172 
6176399 3925964 809875 1440560 
6180655 3924602 803955 1452098 
6177061 3914960 798030 1464071 
6177341 3907828 795379 1474134 
6176366 3901205 790685 1484476 
6175504 3896181 786845 1492478 
6174890 3890211 785162 1499517 
6177658 3885640 785739 1506279 
6176705 3883969 779836 1512900 
6178353 3882752 780491 1515110 
6177446 3882800 779634 1515012 
6180327 3884726 782048 1513553 
6172753 3883735 782749 1506269 
6177765 3889765 786843 1501157 
6180317 3898604 787746 1493967 
6170979 3897567 789994 1483418 
6177930 3908131 795325 1474474 
6173734 3912972 799140 1461622 
6174596 3921857 803343 1449396 
6171459 3924947 808093 1438419 
6174745 3934274 810691 1429780 
6178586 3942501 815163 1420922 
6175744 3942904 816634 1416206 
6180327 3945550 820394 1414383 
6173596 3946489 822898 1404209 
6183206 3953164 827158 1402884 
6176852 3949841 828700 1398311 
6175733 3947043 830945 1397745 
6176104 3947734 829913 1398457 
6177721 3949974 829060 1398687 
6176715 3949611 825669 1401435 
6178809 3950061 822052 1406696 
6177051 3945904 819588 1411559 
6173794 3942128 816992 1414674 
6179744 3943571 814885 1421288 
6172260 3933912 810270 1428078 
6176827 3929790 807286 1439751 
6178133 3923919 805324 1448890 
6180209 3919039 799558 1461612 
6174655 3907749 795229 1471677 
6176758 3898981 791937 1485840 
6176077 3894612 787871 1493594 
6172721 3888607 784167 1499947 
6178685 3887088 783378 1508219 
6174616 3879671 782121 1512824 
6176350 3883512 780437 1512401 
6175417 3882546 780718 1512153 
6177200 3883739 782117 1511344 
6176763 3883752 784420 1508591 
6179522 3894126 786057 1499339 
6177188 3894207 789280 1493701 
6178435 3901806 792332 1484297 
6173686 3906552 795383 1471751 
6176451 3914157 799389 1462905 
6172930 3920128 803438 1449364 
6174634 3929523 806513 1438598 
6180276 3939005 810950 1430321 
6175372 3940719 815318 1419335 
6177068 3943233 817086 1416749 
6173941 3944348 818163 1411430 
6171614 3943619 822607 1405388 
6178508 3950852 826404 1401252 
6175582 3950197 828453 1396932 
6176506 3947505 830669 1398332 
6179409 3948707 834250 1396452 
6177607 3952034 828266 1397307 
6177202 3952292 826473 1398437 
6174122 3945685 825065 1403372 
6174447 3945803 821250 1407394 
6175789 3945595 816379 1413815 
6177963 3943213 815671 1419079 
6177647 3939709 810913 1427025 
6179432 3931854 809039 1438539 
6176689 3924963 805141 1446585 
6181512 3920134 800388 1460990 
6174206 3906060 795521 1472625 
6178442 3902447 793509 1482486 
6179344 3899563 787444 1492337 
6175700 3893779 785355 1496566 
6173515 3884042 783556 1505917 
6176547 3882625 782476 1511446 
6176252 3878904 783212 1514136 
6179237 3881344 784322 1513571 
6175655 3883530 782184 1509941 
6173493 3886116 781809 1505568 
6175661 3888608 787001 1500052 
6176302 3897318 787557 1491427 
6176668 3906623 792119 1477926 
6177388 3907867 796917 1472604 
6176656 3918227 799860 1458569 
6173842 3924347 804089 1445406 
6174331 3929838 807988 1436505 
6172714 3935486 811862 1425366 
6172478 3940405 813726 1418347 
6174136 3943475 817663 1412998 
6174205 3944060 820232 1409913 
6175352 3946582 825104 1403666 
6177054 3950874 827117 1399063 
6177545 3953218 828669 1395658 
6178337 3949384 833457 1395496 
6176534 3953384 833759 1389391 
6179339 3956507 830581 1392251 
6176534 3955408 825838 1395288 
6180723 3952343 825385 1402995 
6175424 3947501 822275 1405648 
6175940 3948030 818214 1409696 
6176390 3947962 814894 1413534 
6180072 3943276 814521 1422275 
6169825 3930438 809052 1430335 
6179282 3929099 806995 1443188 
6175397 3919601 799841 1455955 
6172780 3912348 797788 1462644 
6178696 3906903 794158 1477635 
6178429 3902043 791536 1484850 
6176060 3894342 788939 1492779 
6177185 3890314 785677 1501194 
6173388 3885487 783667 1504234 
6174739 3884670 783641 1506428 
6174833 3882524 784545 1507764 
6177900 3888747 784290 1504863 
6178622 3892840 786551 1499231 
6172707 3893719 786956 1492032 
6174950 3900210 789829 1484911 
6175427 3904711 794408 1476308 
6179321 3915249 798511 1465561 
6181297 3924722 801645 1454930 
6174534 3925404 806820 1442310 
6179784 3937321 809828 1432635 
6176963 3943624 812849 1420490 
6178351 3948025 815466 1414860 
6179486 3949868 819748 1409870 
6175795 3947680 821786 1406329 
6172945 3947848 825564 1399533 
6176956 3953627 826949 1396380 
6179103 3955692 830725 1392686 
6179199 3952395 833825 1392979 
6175720 3954250 836848 1384622 
6177618 3958654 832278 1386686 
6180929 3961586 829968 1389375 
6179467 3957953 826295 1395219 
6176641 3954772 823401 1398468 
6173856 3947604 820082 1406170 
6181198 3954045 818435 1408718 
6177018 3947377 814494 1415147 
6176918 3941112 811363 1424443 
6179807 3933555 808818 1437434 
6178065 3928707 803281 1446077 
6178131 3918516 800503 1459112 
6175002 3912089 795912 1467001 
6176736 3906422 793117 1477197 
6180329 3903497 790136 1486696 
6179039 3898232 788353 1492454 
6174037 3890194 784839 1499004 
6175882 3891133 784306 1500443 
6180555 3893923 786060 1500572 
6180837 3896679 784835 1499323 
6170198 3890376 786086 1493736 
6174876 3899313 790724 1484839 
6175836 3907105 792693 1476038 
6172875 3908668 796794 1467413 
6176969 3918423 799399 1459147 
6177752 3925997 804210 1447545 
6176057 3930743 807955 1437359 
6179741 3943669 811025 1425047 
6176280 3947114 814580 1414586 
6175428 3949282 818780 1407366 
6175350 3949291 821930 1404129 
6178028 3953655 822574 1401799 
6173597 3952677 825092 1395828 
6176363 3955761 830992 1389610 
6177816 3958169 835376 1384271 
6176837 3955686 834700 1386451 
6175326 3959000 837910 1378416 
6180472 3965509 836333 1378630 
6178520 3962549 832927 1383044 
6179610 3959115 829743 1390752 
6177070 3958875 826080 1392115 
6179528 3958478 821979 1399071 
6179070 3955985 822374 1400711 
6179445 3953729 818462 1407254 
6178528 3946289 813603 1418636 
6171360 3933746 809312 1428302 
6173385 3928117 805089 1440179 
6175621 3922403 803656 1449562 
6180264 3921131 799675 1459458 
6176727 3913461 796268 1466998 
6173237 3906246 793040 1473951 
6177733 3903346 791286 1483101 
6174761 3897618 787698 1489445 
6180525 3897439 789417 1493669 
6179973 3896348 787787 1495838 
6173871 3895637 787677 1490557 
6175521 3901890 790001 1483630 
6178424 3906736 794723 1476965 
6175072 3908940 796906 1469226 
6175301 3917555 797828 1459918 
6177314 3925128 803977 1448209 
6174615 3929237 806609 1438769 
6173852 3935191 810498 1428163 
6176310 3944003 814982 1417325 
6176919 3952038 817776 1407105 
6180407 3957109 821336 1401962 
6177476 3958602 822946 1395928 
6176442 3955507 826107 1394828 
6177223 3956557 830265 1390401 
6179095 3962403 833018 1383674 
6182987 3966537 836902 1379548 
6178647 3962651 839295 1376701 
6174568 3965069 840525 1368974 
6171944 3963857 837100 1370987 
6176627 3967710 835516 1373401 
6175399 3963627 832508 1379264 
6177685 3965299 827447 1384939 
6180118 3963640 827643 1388835 
6177395 3960818 825445 1391132 
6171928 3951794 819953 1400181 
6176024 3949452 816189 1410383 
6177741 3943438 813645 1420658 
6177601 3936065 808763 1432773 
6172363 3926281 806014 1440068 
6175220 3924733 800707 1449780 
6177628 3918435 799217 1459976 
6174939 3912103 796492 1466344 
6169811 3905360 791642 1472809 
6177435 3903237 792943 1481255 
6174513 3901017 790429 1483067 
6176092 3901277 789452 1485363 
6177628 3903194 792562 1481872 
6175032 3904394 795347 1475291 
6180051 3914590 795994 1469467 
6175963 3916336 798351 1461276 
6175242 3922606 802742 1449894 
6181467 3932180 807068 1442219 
6176834 3935877 809151 1431806 
6170901 3937254 812846 1420801 
6176435 3948148 818604 1409683 
6174952 3952784 821610 1400558 
6178083 3961929 823513 1392641 
6178344 3961808 828593 1387943 
6177673 3963777 828712 1385184 
6175291 3963130 832623 1379538 
6176264 3964843 835959 1375462 
6176325 3967683 838486 1370156 
6178561 3968371 841376 1368814 
6176858 3970246 845422 1361190 
6175601 3968873 843892 1362836 
6178881 3975218 838026 1365637 
6179075 3972021 835273 1371781 
6177590 3968593 832387 1376610 
6177541 3966312 830733 1380496 
6179477 3966604 827944 1384929 
6181242 3961596 824131 1395515 
6175303 3952911 819906 1402486 
6177822 3947854 818851 1411117 
6177757 3939790 814341 1423626 
6176663 3934469 809126 1433068 
6178832 3932433 803706 1442693 
6178237 3923556 802925 1451756 
6174836 3920836 799570 1454430 
6178724 3912689 798509 1467526 
6177345 3912447 795213 1469685 
6177892 3904986 795960 1476946 
6177327 3904739 796604 1475984 
6179339 3912326 795806 1471207 
6178016 3914073 797256 1466687 
6173813 3915393 799681 1458739 
6180428 3928268 802804 1449356 
6174326 3928775 805480 1440071 
6181045 3936929 810793 1433323 
6176745 3941679 812355 1422711 
6173193 3946131 815286 1411776 
6175247 3953106 819264 1402877 
6169499 3953937 823062 1392500 
6170648 3962774 825631 1382243 
6179167 3967495 831181 1380491 
6173746 3965290 831649 1376807 
6176863 3970349 834959 1371555 
6176154 3973496 838897 1363761 
6173267 3971212 842071 1359984 
6178916 3972279 845311 1361326 
6177930 3977636 849368 1350926 
6180234 3981370 845493 1353371 
6176967 3977217 843074 1356676 
6176861 3974523 839224 1363114 
6174129 3972223 836142 1365764 
6174902 3973008 831947 1369947 
6180402 3971923 830994 1377485 
6178236 3963572 827414 1387250 
6172965 3955530 822206 1395229 
6175309 3950929 819335 1405045 
6171951 3943288 815679 1412984 
6172414 3937953 812107 1422354 
6175149 3933689 809415 1432045 
6176431 3929846 806427 1440158 
6180000 3925972 804010 1450018 
6182053 3923864 803254 1454935 
6177107 3916826 799687 1460594 
6181231 3917596 800936 1462699 
6176041 3914971 798718 1462352 
6174331 3916423 799745 1458163 
6176534 3918389 800341 1457804 
6177792 3925950 803691 1448151 
6178611 3931811 806598 1440202 
6174310 3934513 808487 1431310 
6172533 3938494 813104 1420935 
6179444 3948530 817410 1413504 
6175411 3951674 818862 1404875 
6173814 3954327 823145 1396342 
6173890 3961866 826537 1385487 
6175641 3968610 829539 1377492 
6174083 3968925 831768 1373390 
6175475 3972559 835579 1367337 
6176966 3975293 840450 1361223 
6176108 3975707 843142 1357259 
6177470 3980746 845742 1350982 
6175929 3977906 847183 1350840 
6175205 3985805 851526 1337874 
6180756 3989415 850863 1340478 
6176747 3987426 847043 1342278 
6176289 3983118 843068 1350103 
6174904 3978436 840071 1356397 
6174087 3975788 837279 1361020 
6176391 3973233 835429 1367729 
6180903 3973161 830871 1376871 
6177482 3965028 826052 1386402 
6177300 3957886 824092 1395322 
6178969 3953334 819625 1406010 
6175915 3944372 816402 1415141 
6171423 3940644 810313 1420466 
6172688 3935573 808837 1428278 
6176441 3933536 808272 1434633 
6178591 3929376 806295 1442920 
6178426 3925099 805056 1448271 
6176762 3924293 803426 1449043 
6179392 3923828 804247 1451317 
6176894 3924865 803059 1448970 
6180621 3931040 805776 1443805 
6175206 3931489 807582 1436135 
6179806 3940807 810780 1428219 
6176097 3942741 813058 1420298 
6180363 3949225 816342 1414796 
6183018 3957383 819933 1405702 
6177377 3955933 823478 1397966 
6172302 3959927 827784 1384591 
6177670 3970728 831618 1375324 
6180496 3977143 834768 1368585 
6173962 3975682 836954 1361326 
6175113 3983662 838661 1352790 
6177623 3983754 842544 1351325 
6173848 3984185 846855 1342808 
6179073 3986879 851551 1340643 
6174048 3982200 851062 1340786 
6177413 3993364 856863 1327186 
6177935 3995534 853081 1329320 
6171425 3989589 851123 1330713 
6176172 3990016 846808 1339348 
6175277 3984646 843035 1347596 
6173148 3982372 840362 1350414 
6175637 3980371 838658 1356608 
6174763 3972998 835018 1366747 
6178804 3971646 831730 1375428 
6176840 3965777 826396 1384667 
6176192 3956992 823773 1395427 
6176867 3954609 820044 1402214 
6177670 3949497 817906 1410267 
6176356 3945894 812942 1417520 
6175846 3937961 812512 1425373 
6171590 3930824 807915 1432851 
6175550 3931851 806106 1437593 
6177691 3932030 806979 1438682 
6173082 3926509 808010 1438563 
6179509 3933055 808615 1437839 
6177372 3936530 809801 1431041 
6180296 3940015 812970 1427311 
6174003 3942300 813936 1417767 
6175776 3947420 818213 1410143 
6182174 3958239 819792 1404143 
6173728 3956087 822784 1394857 
6178450 3964581 826487 1387382 
6170496 3967574 829888 1373034 
6178295 3977089 834161 1367045 
6173918 3978905 838001 1357012 
6177538 3986825 840464 1350249 
6178656 3988306 844841 1345509 
6176403 3992107 847328 1336968 
6174909 3991909 850570 1332430 
6172517 3992298 852076 1328143 
6176258 3990675 856153 1329430 
6177161 4000394 861835 1314932 
6173641 3997811 858208 1317622 
6173426 3999699 852478 1321249 
6174031 3996339 850388 1327304 
6175674 3993619 846732 1335323 
6175705 3990574 844172 1340959 
6174942 3985991 841786 1347165 
6178150 3982978 838481 1356691 
6175642 3978126 833811 1363705 
6178303 3970356 830838 1377109 
6170263 3962029 825768 1382466 
6178468 3962150 823595 1392723 
6175389 3956205 818800 1400384 
6180436 3953592 818344 1408500 
6175734 3945537 814467 1415730 
6174222 3939665 812463 1422094 
6178312 3938687 812879 1426746 
6176427 3936588 810563 1429276 
6177900 3936953 811065 1429882 
6178392 3938008 812014 1428370 
6183876 3948913 812802 1422161 
6175499 3945637 814661 1415201 
6178071 3950802 817775 1409494 
6178719 3957403 821069 1400247 
6179772 3962591 822566 1394615 
6179142 3963494 828139 1387509 
6175762 3969373 830150 1376239 
6182557 3981141 836090 1365326 
6175283 3983821 838449 1353013 
6176639 3985656 842429 1348554 
6177875 3993319 844708 1339848 
6175313 3993351 846508 1335454 
6174947 3998461 849062 1327424 
6175937 4000668 853025 1322244 
6172716 3999319 856328 1317069 
6174867 4000177 859233 1315457 
6173355 4005740 864729 1302886 
6177126 4009722 860875 1306529 
6173698 4004540 858588 1310570 
6174622 4001684 855354 1317584 
6175314 4002108 848328 1324878 
6174664 3997726 846695 1330243 
6179474 3995952 844330 1339192 
6181365 3988684 842372 1350309 
6175639 3980312 837857 1357470 
6179770 3977257 835004 1367509 
6180386 3972437 830230 1377719 
6177017 3966289 827155 1383573 
6177352 3959684 823635 1394033 
6172232 3953423 819849 1398960 
6176131 3951272 816547 1408312 
6177361 3945693 817008 1414660 
6172728 3940311 814299 1418118 
6176489 3941585 813429 1421475 
6175367 3941791 812272 1421304 
6174477 3939879 815502 1419096 
6172992 3945082 815463 1412447 
6175536 3949415 819178 1406943 
6179277 3957522 821687 1400068 
6180401 3963456 823419 1393526 
6178534 3965423 827737 1385374 
6176179 3969259 830824 1376096 
6176175 3974569 835308 1366298 
6174809 3979930 837129 1357750 
6176309 3987189 842181 1346939 
6175948 3993172 845948 1336828 
6182233 4000977 849046 1332210 
6179669 4001508 853018 1325143 
6176761 4003508 854347 1318906 
6176706 4005855 858637 1312214 
6173077 4008610 861205 1303262 
6178609 4010888 863997 1303724 
6171828 4009078 866722 1296028 
6176721 4014962 863254 1298505 
6177884 4011950 858975 1306959 
6176065 4006618 856699 1312748 
6175736 4004009 853751 1317976 
6173772 3999395 849626 1324751 
6179505 3999218 847809 1332478 
6179746 3993201 843268 1343277 
6178407 3985598 841046 1351763 
6175281 3974829 838035 1362417 
6180573 3974641 833130 1372802 
6174280 3964029 831214 1379037 
6177104 3960714 828592 1387798 
6175802 3959873 821153 1394776 
6178919 3952795 820277 1405847 
6179415 3948990 818961 1411464 
6180063 3947408 819075 1413580 
6172829 3940697 817215 1414917 
6175946 3942500 817008 1416438 
6176553 3945532 818109 1412912 
6174090 3943297 819688 1411105 
6177076 3951619 822051 1403406 
6179168 3957190 824122 1397856 
6174665 3958983 827238 1388444 
6177090 3966414 829641 1381035 
6175516 3972258 833176 1370082 
6180187 3980785 837404 1361998 
6177991 3986047 838671 1353273 
6175873 3990060 845776 1340037 
6171453 3992824 848312 1330317 
6177394 4001210 851045 1325139 
6173525 4002086 853368 1318071 
6173394 4004157 857403 1311834 
6177796 4012475 860739 1304582 
6176541 4012970 864524 1299047 
6178677 4014683 866394 1297600 
6177283 4015309 869604 1292370 
6172547 4014539 866167 1291841 
6178223 4016389 863044 1298790 
6175719 4009733 861105 1304881 
6174250 4006558 856817 1310875 
6177146 4006570 852482 1318094 
6172315 3997905 849873 1324537 
6178253 3993043 849043 1336167 
6178734 3989930 844222 1344582 
6179489 3980894 840517 1358078 
6175572 3973074 836943 1365555 
6177819 3967935 832876 1377008 
6176970 3962421 829653 1384896 
6170923 3953141 825927 1391855 
6173769 3950836 823201 1399732 
6170909 3945842 819871 1405196 
6178460 3949600 820389 1408471 
6174596 3945332 819386 1409878 
6175060 3943164 818993 1412903 
6178668 3949127 818894 1410647 
6179907 3951093 822407 1406407 
6176951 3953826 824151 1398974 
6178308 3958524 825790 1393994 
6173793 3959697 828096 1386000 
6173899 3967472 831171 1375256 
6175624 3974695 835823 1365106 
6174787 3979429 839616 1355742 
6176043 3987813 842739 1345491 
6177388 3994412 848066 1334910 
6179281 4002439 850010 1326832 
6169443 3998506 853788 1317149 
6178728 4008582 856998 1313148 
6173445 4007649 861448 1304348 
6177570 4014930 864982 1297658 
6180700 4019786 867968 1292946 
6175418 4016627 869854 1288937 
6180208 4021465 874251 1284492 
6177232 4018476 871909 1286847 
6170013 4014792 865798 1289423 
6177259 4014237 864841 1298181 
6178359 4011547 860675 1306137 
6176150 4006055 856470 1313625 
6177844 4003095 855425 1319324 
6174583 3996654 850714 1327215 
6179297 3994165 847648 1337484 
6172451 3980281 841782 1350388 
6175011 3976581 838701 1359729 
6176587 3969049 836720 1370818 
6176886 3966083 832429 1378374 
6175820 3958044 828524 1389252 
6175253 3956121 825936 1393196 
6175000 3951128 825905 1397967 
6175819 3946327 825194 1404298 
6177893 3947415 823375 1407103 
6179289 3948804 822654 1407831 
6174973 3946977 824810 1403186 
6178924 3952344 824677 1401903 
6174618 3954380 826038 1394200 
6178549 3962046 827808 1388695 
6176325 3964033 831505 1380787 
6176709 3968076 836419 1372214 
6173520 3976504 838003 1359013 
6174398 3982712 842973 1348713 
6175808 3991840 846776 1337192 
6172189 3995160 850638 1326391 
6176690 4002704 854317 1319669 
6169526 4001370 856378 1311778 
6173873 4009142 860224 1304507 
6180518 4017104 865429 1297985 
6172743 4014269 867430 1291044 
6177609 4022670 869515 1285424 
6172871 4014977 874133 1283761 
6173950 4020174 877650 1276126 
6176795 4023494 873264 1280037 
6180003 4023449 873335 1283219 
6178604 4019387 867031 1292186 
6173737 4013211 864331 1296195 
6172754 4007748 860395 1304611 
6178243 4007639 859618 1310986 
6180355 4002182 856464 1321709 
6173672 3989182 850805 1333685 
6177625 3987213 845428 1344984 
6177457 3979634 841398 1356425 
6179186 3972240 839674 1367272 
6174844 3966267 835850 1372727 
6174081 3958347 832907 1382827 
6178428 3958344 830163 1389921 
6178041 3955002 828134 1394905 
6177457 3951135 827903 1398419 
6172696 3946827 825099 1400770 
6170949 3943642 826725 1400582 
6176864 3952171 825601 1399092 
6175255 3949975 829293 1395987 
6181929 3958722 832521 1390686 
6176049 3961278 831675 1383096 
6179176 3967850 834164 1377162 
6175672 3972249 837668 1365755 
6175854 3975021 843385 1357448 
6174661 3983241 846930 1344490 
6178547 3994680 850486 1333381 
6176380 4001192 853755 1321433 
6175184 4007149 856835 1311200 
6177322 4009809 861402 1306111 
6175355 4013499 863858 1297998 
6179155 4019424 868206 1291525 
6173440 4019699 872055 1281686 
6172246 4020504 873337 1278405 
6178403 4025194 877746 1275463 
6175255 4026151 880252 1268852 
6178709 4026191 878614 1273904 
6173903 4022859 873446 1277598 
6174119 4016825 871887 1285407 
6175234 4013612 867948 1293674 
6175070 4012267 863094 1299709 
6178064 4008255 862969 1306840 
6176886 4002163 857865 1316858 
6173165 3992466 851366 1329333 
6177228 3986497 849183 1341548 
6179374 3981519 845031 1352824 
6179855 3972741 842462 1364652 
6174542 3967645 838123 1368774 
6174255 3963015 835303 1375937 
6175564 3958382 832262 1384920 
6175013 3954388 830950 1389675 
6179862 3951877 830840 1397145 
6177578 3947927 830464 1399187 
6177710 3948995 830593 1398122 
6179629 3953918 830290 1395421 
6175957 3953970 831444 1390543 
6175840 3957099 832479 1386262 
6180587 3964736 836368 1379483 
6174849 3967922 836666 1370261 
6175679 3971635 841932 1362112 
6177843 3980281 845121 1352441 
6174547 3984865 849409 1340273 
6179842 3998962 852364 1328516 
6177464 4001346 859270 1316848 
6176612 4009550 862368 1304694 
6178025 4013517 864621 1299887 
6175882 4017673 866602 1291607 
6181631 4023458 872047 1286126 
6181056 4022243 876574 1282239 
6177549 4025275 877926 1274348 
6174967 4024181 880335 1270451 
6175458 4026466 883850 1265142 
6177121 4025988 881316 1269817 
6176285 4022247 877586 1276452 
6181179 4022705 874329 1284145 
6176819 4016392 871273 1289154 
6171940 4008623 867764 1295553 
6175563 4006480 864660 1304423 
6174913 4001034 859821 1314058 
6175508 3993796 855889 1325823 
6177194 3984714 852700 1339780 
6177594 3976610 848809 1352175 
6170704 3967430 844086 1359188 
6175965 3964940 841473 1369552 
6174666 3956885 839806 1377975 
6176971 3955357 835228 1386386 
6175443 3951268 833070 1391105 
6176597 3950793 832065 1393739 
6176436 3948099 831682 1396655 
6178501 3949578 831900 1397023 
6176956 3949442 833868 1393646 
6178768 3953851 832946 1391971 
6177770 3955583 836462 1385725 
6179075 3962497 838397 1378181 
6173574 3962729 841019 1369826 
6174785 3971562 843757 1359466 
6176172 3978417 846479 1351276 
6173159 3981068 851977 1340114 
6175927 3993130 855556 1327241 
6175199 3998770 860065 1316364 
6178763 4008690 865651 1304422 
6176531 4011052 868538 1296941 
6176650 4014748 870425 1291477 
6176245 4018463 873626 1284156 
6172173 4019434 877567 1275172 
6180538 4029351 881595 1269592 
6177551 4028215 883552 1265784 
