6179636
6174624
6173949
6178764
6175682
6175797
6174878
6178962
6178312
6173894
6179320
6175515
6180209
6179883
6178805
6176793
6177589
6175117
6172418
6178336
6178144
6176901
6179551
6181580
6175125
6180932
6175017
6177230
6175108
6175125
6177095
6177449
6180598
6178425
6176996
6174395
6175795
6175224
6181085
6176731
6178381
6179374
6175962
6175567
6186969
6177107
6179576
6176148
6174721
6177450
6176851
6177228
6176062
6172282
6178051
6172172
6179827
6178918
6176233
6172868
6175697
6175962
6175367
6172525
6178181
6181072
6180110
6178896
6178579
6180362
6179980
6178618
6174830
6177060
6174518
6176829
6175477
6175650
6176339
6175344
6179389
6174814
6176027
6175046
6177630
6180200
6178640
6178983
6181016
6177571
6179757
6178865
6176824
6177613
6173406
6179184
6173205
6177823
6181037
6178812
6174913
6178003
6174156
6175795
6174635
6174506
6172853
6174634
6173751
6174642
6172632
6178295
6172439
6172449
6178677
6168609
6175298
6174846
6173231
6177077
6174473
6173973
6177728
6178265
6176115
6180598
6176424
6177516
6176316
6174207
6178155
6173943
6176138
6173789
6178194
6179295
6174268
6176397
6171500
6176241
6179390
6170170
6177369
6176185
6174674
6176247
6177338
6174086
6179283
6178361
6179380
6175977
6172636
6176013
6173884
6173505
6174560
6178362
6178403
6173855
6177362
6174784
6179861
6177062
6176187
6172478
6173161
6172149
6175713
6174313
6174722
6178854
6172548
6179622
6181810
6174219
6180045
6174964
6175902
6180449
6179934
6178089
6171879
6176554
6174381
6179685
6180723
6177235
6173364
6179321
6173221
6177875
6173847
6177094
6177042
6177597
6177885
6178736
6178549
6173426
6179915
6173361
6182583
6181945
6175811
6175937
6174291
6178610
6176695
6177452
6173949
6175901
6175935
6177265
6174421
6175531
6177674
6176229
6178044
6172474
6174848
6180606
6168241
6178273
6178006
6176427
6174970
6175080
6179176
6174869
6177252
6175215
6179649
6175327
6179884
6176503
6179883
6176319
6179394
6173603
6171140
6178543
6174203
6175495
6180038
6173069
6174946
6173791
6176998
6180363
6174733
6174779
6180128
6177188
6176118
6176398
6176157
6177145
6175987
6175195
6175638
6177072
6176574
6178096
6177030
6179254
6173692
6178181
6174323
6177158
6175621
6180567
6174429
6185817
6174473
6179218
6176734
6176509
6176140
6174065
6175720
6177711
6181329
6173828
6177977
6181945
6179609
6176011
6174835
6169632
6174709
6173051
6173108
6174269
6175980
6179847
6171077
6181959
6177140
6171366
6178137
6174769
6173370
6178133
6172085
6177035
6170747
6177398
6177883
6178091
6174996
6171504
6172303
6180720
6173570
6176506
6178249
6178640
6176670
6176929
6175777
6178518
6177079
6174528
6173024
6177394
6177153
6173774
6174862
6176043
6177062
6175690
6180928
6180321
6178454
6173824
6171917
6178770
6175648
6179269
6176908
6173120
6178183
6177993
6178287
6177448
6173649
6179841
6176583
6178705
6178339
6173692
6175824
6172725
6175720
6175448
6180408
6180057
6175490
6174260
6181873
6175137
6173491
6175988
6179987
6177633
6177600
6174068
6179285
6178462
6173765
6179264
6167632
6182575
6170540
6177833
6179003
6172933
6176832
6174632
6177183
6177909
6177030
6182334
6181015
6178589
6181853
6178915
6178405
6179438
6171882
6179486
6175567
6175829
6185164
6177404
6176297
6180092
6181405
6174690
6170611
6173658
6171064
6179148
6177504
6175258
6174130
6177553
6175520
6181173
6177642
6172272
6174825
6174385
6175829
6177288
6179527
6173563
6175842
6175796
6175634
6173745
6175768
6176055
6179277
6180948
6175519
6177676
6175293
6170617
6181950
6177783
6174540
6175764
6176125
6178160
6178795
6175770
6175905
6178647
6179728
6172090
6179060
6176788
6174922
6178945
6175547
6171775
6179755
6179133
6178571
6175110
6181272
6177331
6174464
6175490
6172218
6178044
6176818
6176408
6175936
6176211
6178839
6178178
6174653
6183308
6178527
6176766
6178867
6176357
6174495
6177069
6175164
6176763
6173895
6175119
6176025
6176429
6173518
6175998
6178496
6180639
6180663
6178019
6171571
6177626
6178370
6173133
6178928
6180650
6176774
6174147
6178462
6177332
6171983
6173395
6173998
6176853
6172363
6175604
6175655
6176724
6178770
6179052
6176650
6177846
6175922
6179506
6177477
6178481
6177195
6174978
6176242
6176983
6176801
6177339
6174874
6180373
6178372
6170473
6174883
6176905
6181257
6179346
6172973
6173244
6176577
6178586
6178208
6173097
6174014
6173456
6180966
6175396
6179227
6178014
6181441
6176812
6179467
6174253
6177026
6171991
6171898
6178494
6176552
6175727
6177572
6173460
6176300
6173823
6174110
6175099
6179823
6173225
6181787
6170746
6177181
6175956
6182802
6177730
6179810
6178633
6174990
6174569
6174789
6176496
6175081
6177466
6180166
6171916
6184154
6177772
6179775
6175557
6174832
6178686
6176605
6176008
6177350
6179572
6176790
6176196
6174099
6171057
6172698
6181028
6176962
6177785
6175680
6182746
6182116
6178998
6175237
6174500
6177159
6172491
6180081
6176612
6181339
6178282
6180082
6177509
6170127
6180895
6178404
6174585
6176710
6174551
6177599
6179410
6179107
6174254
6176708
6180136
6175864
6179381
6179539
6174697
6177615
6172889
6176475
6180752
6177180
6177565
6176594
6175647
6175033
6177827
6176877
6178624
6177708
6180498
6172912
6177904
6180441
6171214
6178212
6173859
6174681
6171528
6174815
6178648
6175798
6180375
6173647
6183247
6176888
6175761
6176141
6177761
6176748
6178853
6177094
6173840
6179801
6172331
6176914
6178227
6180332
6174887
6176995
6176219
6172865
6178855
6174790
6176632
6175692
6177367
6176936
6179671
6177316
6178696
6173918
6176564
6173012
6174718
6180345
6175426
6177116
6173982
6171653
6178553
6175618
6176543
6179416
6177615
6177212
6174134
6174461
6175808
6177986
6177678
6179452
6176723
6181566
6174389
6178586
6179406
6175745
6173575
6176609
6176422
6179378
6175712
6173547
6175725
6176354
6176823
6177536
6176703
6173859
6174355
6172732
6172497
6174155
6174212
6175356
6177065
6177557
6178347
6176539
6179343
6176538
6180730
6175428
6175949
6176399
6180087
6169843
6179302
6175438
6172944
6178820
6178466
6176097
6177230
6173435
6174906
6174990
6177960
6178668
6172746
6174985
6175537
6179478
6181342
6174552
6179802
6176979
6178363
6179493
6175803
6172952
6176966
6179109
6179205
6175729
6177619
6180939
6179472
6176646
6173871
6181208
6177032
6176936
6179835
6178094
6178306
6175123
6176780
6180366
6179080
6174089
6176015
6180699
6180883
6170234
6174921
6175875
6173033
6177123
6177795
6176082
6179764
6176290
6175439
6175362
6178038
6173603
6176364
6177824
6176842
6175335
6180476
6178534
6179625
6177079
6179539
6179086
6179464
6178545
6171376
6173430
6175761
6180376
6176769
6173277
6177778
6174806
6180664
6180129
6173922
6175578
6178465
6175128
6175448
6177445
6174660
6173876
6176332
6176938
6180419
6177484
6176455
6177231
6179102
6182993
6178653
6174593
6171978
6176659
6175430
6177721
6180166
6177452
6172004
6176087
6177819
6177707
6172562
6175445
6177764
6175061
6169955
6177578
6174774
6176347
6177795
6175190
6180184
6176085
6175479
6181669
6176938
6170992
6176502
6175022
6178130
6178400
6177712
6175330
6176295
6176357
6178593
6176893
6175635
6178925
6179124
6177634
6177578
6179535
6181304
6175388
6177912
6177888
6176873
6179040
6178386
6174980
6178878
6177522
6178127
6177553
6179484
6178202
6173960
6180569
6174539
6181274
6176855
6173281
6175341
6169577
6170715
6179232
6173803
6176893
6176189
6173293
6178950
6177933
6180238
6176972
6176874
6174140
6174917
6180419
6178246
6172976
6175336
6171990
6172524
6175271
6176472
6180028
6182079
6177155
6181341
6176153
6174386
6176568
6177832
6178646
6174423
6172669
6179471
6175432
6173833
6173902
6175654
6174093
6175484
6176976
6176114
6177480
6175933
6175209
6180759
6176752
6176298
6174908
6174094
6176399
6180907
6177488
6177317
6178990
6176005
6171502
6172707
6176452
6178612
6178461
6176836
6179475
6176925
6180648
6175223
6179834
6176173
6180464
6183039
6177393
6172308
6177682
6180498
6173965
6175120
6177628
6173851
6179083
6174053
6177416
6177938
6171427
6176175
6175279
6173151
6175644
6174768
6178810
6176851
6176204
6176934
6177730
6176378
6175857
6171612
6175568
6177767
6173162
6179537
6177391
6180312
6174023
6175829
6182254
6173758
6178460
6170502
6178303
6173926
6177544
6178660
6176408
6174915
6172522
6176262
6177169
6173646
6173433
6174036
6175680
6175710
6174951
6178158
6175652
6178309
6170284
6178546
6175455
6180448
6175746
6174234
6178331
6176489
6177965
6178415
6183899
6175510
6178089
6178791
6179833
6179157
6175767
6182564
6175288
6176650
6177880
6175320
6174951
6175940
6172718
6174871
6173359
6177128
6173699
6174623
6175323
6174667
6179477
6181370
6175643
6179778
6180397
6177070
6177407
6172243
6176140
6177377
6172754
6176554
6175442
6174493
6173003
6175546
6179294
6180457
6178595
6176191
6176182
6174811
6176313
6175954
6182241
6179674
6176763
6176711
6173078
6178614
6171830
6176722
6177885
6176066
6175739
6173775
6179511
6179749
6178415
6175290
6180583
6174322
6177145
6175816
6178927
6179427
6180072
6172880
6175993
6176572
6174101
6177088
6179178
6174718
6177134
6175529
6180198
6177998
6175876
6171461
6177400
6173528
6173395
6177799
6176543
6178681
6177285
6172548
6178226
6175719
6174254
6177149
6172317
6178259
6178740
6179496
6175580
6177870
6177008
6170940
6173779
6170915
6178470
6174648
6175106
6178683
6179912
6176957
6178322
6173840
6173944
6175636
6174787
6176051
6177395
6179284
6169446
6178730
6173448
6177570
6180702
6175418
6180211
6177235
6170017
6177262
6178362
6176155
6177846
6174585
6179299
6172455
6175018
6176630
6176934
6175830
6175258
6175006
6175828
6177936
6179339
6174979
6178926
6174627
6178556
6176367
6176749
6173530
6174401
6175808
6172192
6176690
6169528
6173874
6180521
6172744
6177610
6172872
6173950
6176796
6180003
6178605
6173737
6172757
6178246
6180357
6173673
6177630
6177461
6179231
6174876
6174088
6178433
6178046
6177468
6172731
6170988
6176868
6175258
6181934
6176055
6179219
6175707
6175861
6174662
6178552
6176387
6175186
6177324
6175356
6179155
6173443
6172246
6178406
6175255
6178711
6173903
6174119
6175236
6175074
6178066
6176888
6173172
6177233
6179380
6179893
6174572
6174267
6175571
6175018
6179870
6177614
6177750
6179640
6175959
6175846
6180592
6174876
6175707
6177849
6174551
6179842
6177467
6176614
6178028
6175883
6181633
6181058
6177550
6174968
6175460
6177125
6176288
6181180
6176820
6171941
6175563
6174916
6175513
6177194
6177602
6170735
6175999
6174674
6176976
6175448
6176605
6176481
6178534
6176966
6178771
6177777
6179084
6173607
6174828
6176177
6173162
6175933
6175204
6178764
6176534
6176650
6176248
6172173
6180542
6177553
